{
  "cells": [
    {
      "cell_type": "code",
      "execution_count": null,
      "metadata": {
        "execution": {
          "iopub.execute_input": "2024-03-15T14:25:16.204501Z",
          "iopub.status.busy": "2024-03-15T14:25:16.203963Z",
          "iopub.status.idle": "2024-03-15T14:25:16.212548Z",
          "shell.execute_reply": "2024-03-15T14:25:16.211519Z",
          "shell.execute_reply.started": "2024-03-15T14:25:16.204465Z"
        },
        "id": "tzRuutP9_oGI"
      },
      "outputs": [],
      "source": [
        "import numpy as np\n",
        "import pandas as pd"
      ]
    },
    {
      "cell_type": "code",
      "execution_count": null,
      "metadata": {
        "execution": {
          "iopub.execute_input": "2024-03-15T14:25:16.214526Z",
          "iopub.status.busy": "2024-03-15T14:25:16.213967Z",
          "iopub.status.idle": "2024-03-15T14:25:16.535883Z",
          "shell.execute_reply": "2024-03-15T14:25:16.534719Z",
          "shell.execute_reply.started": "2024-03-15T14:25:16.214496Z"
        },
        "id": "b_xOoPQP_oGM",
        "outputId": "728c57bf-f7e4-44aa-8f59-a4808979e2b2",
        "scrolled": true
      },
      "outputs": [
        {
          "data": {
            "text/html": [
              "<div>\n",
              "<style scoped>\n",
              "    .dataframe tbody tr th:only-of-type {\n",
              "        vertical-align: middle;\n",
              "    }\n",
              "\n",
              "    .dataframe tbody tr th {\n",
              "        vertical-align: top;\n",
              "    }\n",
              "\n",
              "    .dataframe thead th {\n",
              "        text-align: right;\n",
              "    }\n",
              "</style>\n",
              "<table border=\"1\" class=\"dataframe\">\n",
              "  <thead>\n",
              "    <tr style=\"text-align: right;\">\n",
              "      <th></th>\n",
              "      <th>Observation</th>\n",
              "      <th>Year</th>\n",
              "      <th>Month</th>\n",
              "      <th>Day</th>\n",
              "      <th>Date</th>\n",
              "      <th>Latitude</th>\n",
              "      <th>Longitude</th>\n",
              "      <th>Zonal Winds</th>\n",
              "      <th>Meridional Winds</th>\n",
              "      <th>Humidity</th>\n",
              "      <th>Air Temp</th>\n",
              "      <th>Sea Surface Temp</th>\n",
              "    </tr>\n",
              "  </thead>\n",
              "  <tbody>\n",
              "    <tr>\n",
              "      <th>0</th>\n",
              "      <td>4060</td>\n",
              "      <td>93</td>\n",
              "      <td>5</td>\n",
              "      <td>9</td>\n",
              "      <td>930509</td>\n",
              "      <td>-0.02</td>\n",
              "      <td>-109.96</td>\n",
              "      <td>-2.1</td>\n",
              "      <td>2.1</td>\n",
              "      <td>81.2</td>\n",
              "      <td>26.80</td>\n",
              "      <td>27.02</td>\n",
              "    </tr>\n",
              "    <tr>\n",
              "      <th>1</th>\n",
              "      <td>4061</td>\n",
              "      <td>93</td>\n",
              "      <td>5</td>\n",
              "      <td>10</td>\n",
              "      <td>930510</td>\n",
              "      <td>-0.02</td>\n",
              "      <td>-109.96</td>\n",
              "      <td>-3.4</td>\n",
              "      <td>1.4</td>\n",
              "      <td>84.2</td>\n",
              "      <td>26.95</td>\n",
              "      <td>26.91</td>\n",
              "    </tr>\n",
              "    <tr>\n",
              "      <th>2</th>\n",
              "      <td>4062</td>\n",
              "      <td>93</td>\n",
              "      <td>5</td>\n",
              "      <td>11</td>\n",
              "      <td>930511</td>\n",
              "      <td>-0.02</td>\n",
              "      <td>-109.96</td>\n",
              "      <td>-3.8</td>\n",
              "      <td>2.2</td>\n",
              "      <td>84.9</td>\n",
              "      <td>26.98</td>\n",
              "      <td>26.78</td>\n",
              "    </tr>\n",
              "    <tr>\n",
              "      <th>3</th>\n",
              "      <td>4063</td>\n",
              "      <td>93</td>\n",
              "      <td>5</td>\n",
              "      <td>12</td>\n",
              "      <td>930512</td>\n",
              "      <td>-0.02</td>\n",
              "      <td>-109.96</td>\n",
              "      <td>-3.0</td>\n",
              "      <td>1.5</td>\n",
              "      <td>86.9</td>\n",
              "      <td>26.93</td>\n",
              "      <td>26.74</td>\n",
              "    </tr>\n",
              "    <tr>\n",
              "      <th>4</th>\n",
              "      <td>4064</td>\n",
              "      <td>93</td>\n",
              "      <td>5</td>\n",
              "      <td>13</td>\n",
              "      <td>930513</td>\n",
              "      <td>-0.02</td>\n",
              "      <td>-109.96</td>\n",
              "      <td>-4.5</td>\n",
              "      <td>1.9</td>\n",
              "      <td>87.6</td>\n",
              "      <td>27.01</td>\n",
              "      <td>26.82</td>\n",
              "    </tr>\n",
              "  </tbody>\n",
              "</table>\n",
              "</div>"
            ],
            "text/plain": [
              "   Observation   Year   Month   Day    Date   Latitude   Longitude  \\\n",
              "0         4060     93       5     9  930509      -0.02     -109.96   \n",
              "1         4061     93       5    10  930510      -0.02     -109.96   \n",
              "2         4062     93       5    11  930511      -0.02     -109.96   \n",
              "3         4063     93       5    12  930512      -0.02     -109.96   \n",
              "4         4064     93       5    13  930513      -0.02     -109.96   \n",
              "\n",
              "    Zonal Winds   Meridional Winds   Humidity   Air Temp   Sea Surface Temp  \n",
              "0          -2.1                2.1       81.2      26.80              27.02  \n",
              "1          -3.4                1.4       84.2      26.95              26.91  \n",
              "2          -3.8                2.2       84.9      26.98              26.78  \n",
              "3          -3.0                1.5       86.9      26.93              26.74  \n",
              "4          -4.5                1.9       87.6      27.01              26.82  "
            ]
          },
          "execution_count": 9,
          "metadata": {},
          "output_type": "execute_result"
        }
      ],
      "source": [
        "df = pd.read_csv(\"EL Nino (5-D).csv\")         #Importing El- nino dataset\n",
        "df.head()"
      ]
    },
    {
      "cell_type": "code",
      "execution_count": null,
      "metadata": {
        "execution": {
          "iopub.execute_input": "2024-03-15T14:25:16.539240Z",
          "iopub.status.busy": "2024-03-15T14:25:16.538820Z",
          "iopub.status.idle": "2024-03-15T14:25:16.560835Z",
          "shell.execute_reply": "2024-03-15T14:25:16.559811Z",
          "shell.execute_reply.started": "2024-03-15T14:25:16.539202Z"
        },
        "id": "S4nxAlyp_oGN",
        "outputId": "96e3a20e-7ce7-454d-8cfc-4296600796fc"
      },
      "outputs": [
        {
          "data": {
            "text/html": [
              "<div>\n",
              "<style scoped>\n",
              "    .dataframe tbody tr th:only-of-type {\n",
              "        vertical-align: middle;\n",
              "    }\n",
              "\n",
              "    .dataframe tbody tr th {\n",
              "        vertical-align: top;\n",
              "    }\n",
              "\n",
              "    .dataframe thead th {\n",
              "        text-align: right;\n",
              "    }\n",
              "</style>\n",
              "<table border=\"1\" class=\"dataframe\">\n",
              "  <thead>\n",
              "    <tr style=\"text-align: right;\">\n",
              "      <th></th>\n",
              "      <th>Zonal Winds</th>\n",
              "      <th>Meridional Winds</th>\n",
              "      <th>Humidity</th>\n",
              "      <th>Air Temp</th>\n",
              "      <th>Sea Surface Temp</th>\n",
              "    </tr>\n",
              "  </thead>\n",
              "  <tbody>\n",
              "    <tr>\n",
              "      <th>0</th>\n",
              "      <td>-2.1</td>\n",
              "      <td>2.1</td>\n",
              "      <td>81.2</td>\n",
              "      <td>26.80</td>\n",
              "      <td>27.02</td>\n",
              "    </tr>\n",
              "    <tr>\n",
              "      <th>1</th>\n",
              "      <td>-3.4</td>\n",
              "      <td>1.4</td>\n",
              "      <td>84.2</td>\n",
              "      <td>26.95</td>\n",
              "      <td>26.91</td>\n",
              "    </tr>\n",
              "    <tr>\n",
              "      <th>2</th>\n",
              "      <td>-3.8</td>\n",
              "      <td>2.2</td>\n",
              "      <td>84.9</td>\n",
              "      <td>26.98</td>\n",
              "      <td>26.78</td>\n",
              "    </tr>\n",
              "    <tr>\n",
              "      <th>3</th>\n",
              "      <td>-3.0</td>\n",
              "      <td>1.5</td>\n",
              "      <td>86.9</td>\n",
              "      <td>26.93</td>\n",
              "      <td>26.74</td>\n",
              "    </tr>\n",
              "    <tr>\n",
              "      <th>4</th>\n",
              "      <td>-4.5</td>\n",
              "      <td>1.9</td>\n",
              "      <td>87.6</td>\n",
              "      <td>27.01</td>\n",
              "      <td>26.82</td>\n",
              "    </tr>\n",
              "  </tbody>\n",
              "</table>\n",
              "</div>"
            ],
            "text/plain": [
              "    Zonal Winds   Meridional Winds   Humidity   Air Temp   Sea Surface Temp\n",
              "0          -2.1                2.1       81.2      26.80              27.02\n",
              "1          -3.4                1.4       84.2      26.95              26.91\n",
              "2          -3.8                2.2       84.9      26.98              26.78\n",
              "3          -3.0                1.5       86.9      26.93              26.74\n",
              "4          -4.5                1.9       87.6      27.01              26.82"
            ]
          },
          "execution_count": 10,
          "metadata": {},
          "output_type": "execute_result"
        }
      ],
      "source": [
        "data = df.drop(df.columns[0:7],axis=1)            #Removing spatio-temporial attributes\n",
        "data.head()"
      ]
    },
    {
      "cell_type": "code",
      "execution_count": null,
      "metadata": {
        "execution": {
          "iopub.execute_input": "2024-03-15T14:25:16.563354Z",
          "iopub.status.busy": "2024-03-15T14:25:16.562653Z",
          "iopub.status.idle": "2024-03-15T14:25:16.586338Z",
          "shell.execute_reply": "2024-03-15T14:25:16.584960Z",
          "shell.execute_reply.started": "2024-03-15T14:25:16.563313Z"
        },
        "id": "SfGsRMVS_oGN",
        "outputId": "0decf6d3-3ff9-4e14-a0c1-91f44ee0f810"
      },
      "outputs": [
        {
          "data": {
            "text/html": [
              "<div>\n",
              "<style scoped>\n",
              "    .dataframe tbody tr th:only-of-type {\n",
              "        vertical-align: middle;\n",
              "    }\n",
              "\n",
              "    .dataframe tbody tr th {\n",
              "        vertical-align: top;\n",
              "    }\n",
              "\n",
              "    .dataframe thead th {\n",
              "        text-align: right;\n",
              "    }\n",
              "</style>\n",
              "<table border=\"1\" class=\"dataframe\">\n",
              "  <thead>\n",
              "    <tr style=\"text-align: right;\">\n",
              "      <th></th>\n",
              "      <th>Zonal Winds</th>\n",
              "      <th>Meridional Winds</th>\n",
              "      <th>Humidity</th>\n",
              "      <th>Air Temp</th>\n",
              "      <th>Sea Surface Temp</th>\n",
              "    </tr>\n",
              "  </thead>\n",
              "  <tbody>\n",
              "    <tr>\n",
              "      <th>0</th>\n",
              "      <td>-2.1</td>\n",
              "      <td>2.1</td>\n",
              "      <td>81.2</td>\n",
              "      <td>26.80</td>\n",
              "      <td>27.02</td>\n",
              "    </tr>\n",
              "    <tr>\n",
              "      <th>1</th>\n",
              "      <td>-3.4</td>\n",
              "      <td>1.4</td>\n",
              "      <td>84.2</td>\n",
              "      <td>26.95</td>\n",
              "      <td>26.91</td>\n",
              "    </tr>\n",
              "    <tr>\n",
              "      <th>2</th>\n",
              "      <td>-3.8</td>\n",
              "      <td>2.2</td>\n",
              "      <td>84.9</td>\n",
              "      <td>26.98</td>\n",
              "      <td>26.78</td>\n",
              "    </tr>\n",
              "    <tr>\n",
              "      <th>3</th>\n",
              "      <td>-3.0</td>\n",
              "      <td>1.5</td>\n",
              "      <td>86.9</td>\n",
              "      <td>26.93</td>\n",
              "      <td>26.74</td>\n",
              "    </tr>\n",
              "    <tr>\n",
              "      <th>4</th>\n",
              "      <td>-4.5</td>\n",
              "      <td>1.9</td>\n",
              "      <td>87.6</td>\n",
              "      <td>27.01</td>\n",
              "      <td>26.82</td>\n",
              "    </tr>\n",
              "    <tr>\n",
              "      <th>...</th>\n",
              "      <td>...</td>\n",
              "      <td>...</td>\n",
              "      <td>...</td>\n",
              "      <td>...</td>\n",
              "      <td>...</td>\n",
              "    </tr>\n",
              "    <tr>\n",
              "      <th>93930</th>\n",
              "      <td>-6.8</td>\n",
              "      <td>-5.3</td>\n",
              "      <td>81.3</td>\n",
              "      <td>27.52</td>\n",
              "      <td>28.17</td>\n",
              "    </tr>\n",
              "    <tr>\n",
              "      <th>93931</th>\n",
              "      <td>-5.1</td>\n",
              "      <td>-0.4</td>\n",
              "      <td>94.1</td>\n",
              "      <td>26.04</td>\n",
              "      <td>28.14</td>\n",
              "    </tr>\n",
              "    <tr>\n",
              "      <th>93932</th>\n",
              "      <td>-4.3</td>\n",
              "      <td>-3.3</td>\n",
              "      <td>93.2</td>\n",
              "      <td>25.80</td>\n",
              "      <td>27.87</td>\n",
              "    </tr>\n",
              "    <tr>\n",
              "      <th>93933</th>\n",
              "      <td>-6.1</td>\n",
              "      <td>-4.8</td>\n",
              "      <td>81.3</td>\n",
              "      <td>27.17</td>\n",
              "      <td>27.93</td>\n",
              "    </tr>\n",
              "    <tr>\n",
              "      <th>93934</th>\n",
              "      <td>-4.9</td>\n",
              "      <td>-2.3</td>\n",
              "      <td>76.2</td>\n",
              "      <td>27.36</td>\n",
              "      <td>28.03</td>\n",
              "    </tr>\n",
              "  </tbody>\n",
              "</table>\n",
              "<p>93935 rows × 5 columns</p>\n",
              "</div>"
            ],
            "text/plain": [
              "        Zonal Winds   Meridional Winds   Humidity   Air Temp  \\\n",
              "0              -2.1                2.1       81.2      26.80   \n",
              "1              -3.4                1.4       84.2      26.95   \n",
              "2              -3.8                2.2       84.9      26.98   \n",
              "3              -3.0                1.5       86.9      26.93   \n",
              "4              -4.5                1.9       87.6      27.01   \n",
              "...             ...                ...        ...        ...   \n",
              "93930          -6.8               -5.3       81.3      27.52   \n",
              "93931          -5.1               -0.4       94.1      26.04   \n",
              "93932          -4.3               -3.3       93.2      25.80   \n",
              "93933          -6.1               -4.8       81.3      27.17   \n",
              "93934          -4.9               -2.3       76.2      27.36   \n",
              "\n",
              "        Sea Surface Temp  \n",
              "0                  27.02  \n",
              "1                  26.91  \n",
              "2                  26.78  \n",
              "3                  26.74  \n",
              "4                  26.82  \n",
              "...                  ...  \n",
              "93930              28.17  \n",
              "93931              28.14  \n",
              "93932              27.87  \n",
              "93933              27.93  \n",
              "93934              28.03  \n",
              "\n",
              "[93935 rows x 5 columns]"
            ]
          },
          "execution_count": 11,
          "metadata": {},
          "output_type": "execute_result"
        }
      ],
      "source": [
        "data.shape\n",
        "data.columns\n",
        "data"
      ]
    },
    {
      "cell_type": "code",
      "execution_count": null,
      "metadata": {
        "execution": {
          "iopub.execute_input": "2024-03-15T14:25:16.588262Z",
          "iopub.status.busy": "2024-03-15T14:25:16.587837Z",
          "iopub.status.idle": "2024-03-15T14:25:16.634872Z",
          "shell.execute_reply": "2024-03-15T14:25:16.633635Z",
          "shell.execute_reply.started": "2024-03-15T14:25:16.588224Z"
        },
        "id": "H3joWAx__oGO",
        "outputId": "c084149d-705f-47a1-dbba-4de1fd0d9a48"
      },
      "outputs": [
        {
          "name": "stdout",
          "output_type": "stream",
          "text": [
            "(56, 5)\n",
            "(56, 5)\n",
            "(112, 5)\n"
          ]
        },
        {
          "data": {
            "text/plain": [
              "(56, 56, 112)"
            ]
          },
          "execution_count": 12,
          "metadata": {},
          "output_type": "execute_result"
        }
      ],
      "source": [
        "#Shuffling the dataset row-vise\n",
        "\n",
        "shuffled_data = data.sample(frac=1, random_state=42)      # frac=1 means you want to sample the entire DataFrame\n",
        "\n",
        "# Reset the index if you want to reset the index after shuffling\n",
        "shuffled_data.reset_index(drop=True, inplace=True)\n",
        "\n",
        "S = shuffled_data.sample(frac=0.000595*2, random_state=42)                 # Total dataset S for later use\n",
        "S_complement=shuffled_data.drop(S.index)\n",
        "sprime = S_complement.sample(frac=0.000595*2,random_state=42)\n",
        "\n",
        "S_ = S.copy()\n",
        "s1 = S_.sample(frac=0.5, random_state=42)     #sampling half dataset for training\n",
        "s2 = S_.drop(s1.index)\n",
        "\n",
        "s1.reset_index(drop=True, inplace=True)\n",
        "s2.reset_index(drop=True, inplace=True)\n",
        "sprime.reset_index(drop=True, inplace=True)\n",
        "\n",
        "print(s1.shape)\n",
        "print(s2.shape)\n",
        "print(sprime.shape)\n",
        "\n",
        "len_s1 = s1.shape[0]\n",
        "len_s2 = s2.shape[0]\n",
        "len_sprime = sprime.shape[0]\n",
        "\n",
        "cov_s1 = s1.cov(ddof=1)         #Covariance matrix of s1\n",
        "\n",
        "s1_matrix = s1.to_numpy()\n",
        "s2_matrix = s2.to_numpy()\n",
        "sprime_matrix = sprime.to_numpy()\n",
        "cov_s1_matrix0 = cov_s1.to_numpy()\n",
        "len_s1 , len_s2 , len_sprime"
      ]
    },
    {
      "cell_type": "markdown",
      "metadata": {
        "id": "EAO-Vvk6_oGR"
      },
      "source": [
        "$\\Huge{\\text{Required Functions for Algorithm}}$"
      ]
    },
    {
      "cell_type": "markdown",
      "metadata": {
        "id": "26sUOZ7QOI1l"
      },
      "source": [
        "# $ \\textbf{Equation 5:} \\\\\n",
        "\\left\\{\\begin{array}{l}\n",
        "p\\left(x_{j} \\mid \\omega_{i}\\right)=\\frac{1}{(2 \\pi)^{k / 2}\\left|\\Sigma_{x_{i}}\\right|^{1 / 2}} \\exp \\left(-\\frac{1}{2}\\left(x_{j}-x_{i}\\right)^{T} \\Sigma_{x_{i}}^{-1}\\left(x_{j}-x_{i}\\right)\\right) \\\\\n",
        "p\\left(x_{i} \\mid \\omega_{i}\\right)=0, \\quad i, j=1,2, \\ldots\\left|S_{1}\\right|, i \\neq j \\\\\n",
        "\\quad i=1,2, \\ldots\\left|S_{1}\\right|\n",
        "\\end{array}\\right.\n",
        "$"
      ]
    },
    {
      "cell_type": "code",
      "execution_count": null,
      "metadata": {
        "execution": {
          "iopub.execute_input": "2024-03-15T14:25:16.646880Z",
          "iopub.status.busy": "2024-03-15T14:25:16.646424Z",
          "iopub.status.idle": "2024-03-15T14:25:16.656793Z",
          "shell.execute_reply": "2024-03-15T14:25:16.655609Z",
          "shell.execute_reply.started": "2024-03-15T14:25:16.646841Z"
        },
        "id": "UK_BvPeJ_oGT"
      },
      "outputs": [],
      "source": [
        "k = 5        # Dimensionality of s1\n",
        "\n",
        "def small_p(xi, xj, cov):\n",
        "\n",
        "    cov_1 = cov\n",
        "\n",
        "    det_cov = np.linalg.det(cov)\n",
        "    epsilon = 1e-2\n",
        "    det_cov = max(det_cov, epsilon)\n",
        "\n",
        "    if det_cov == 0.01:\n",
        "        alpha = 1e-2\n",
        "        cov_1 = cov_1 + alpha * np.identity(5)\n",
        "\n",
        "    a = 1 / (((2 * np.pi) ** (k / 2)) * det_cov ** 0.5)\n",
        "    b = -0.5 * ((xj - xi).T @ np.linalg.inv(cov_1) @ (xj - xi))\n",
        "\n",
        "    if b > 1000:\n",
        "        print('b value', b)\n",
        "    b = min(b, 50)\n",
        "    p = a * np.exp(b)\n",
        "\n",
        "    return p"
      ]
    },
    {
      "cell_type": "markdown",
      "metadata": {
        "id": "FSFkQxAn_oGU"
      },
      "source": [
        "# $ \\textbf{Equation 4:} \\\\\n",
        "\\begin{cases}P\\left(\\omega_{i} \\mid x_{j}\\right)=\\frac{p\\left(x_{j} \\mid \\omega_{i}\\right)}{\\sum_{t=1}^{\\left|S_{1}\\right|} p\\left(x_{j} \\mid \\omega_{t}\\right)} & i, j=1,2, \\ldots\\left|S_{1}\\right|, i \\neq j \\\\ P\\left(\\omega_{i} \\mid x_{i}\\right)=0 & i=1,2, \\ldots\\left|S_{1}\\right|\\end{cases}\n",
        "$"
      ]
    },
    {
      "cell_type": "code",
      "execution_count": null,
      "metadata": {
        "execution": {
          "iopub.execute_input": "2024-03-15T14:25:16.658927Z",
          "iopub.status.busy": "2024-03-15T14:25:16.658141Z",
          "iopub.status.idle": "2024-03-15T14:25:16.667678Z",
          "shell.execute_reply": "2024-03-15T14:25:16.666817Z",
          "shell.execute_reply.started": "2024-03-15T14:25:16.658892Z"
        },
        "id": "fXKrXZBN_oGU"
      },
      "outputs": [],
      "source": [
        "def capital_p(i, j, cov_mat):\n",
        "    summation = 0\n",
        "    xi = s1_matrix[i, :].reshape(-1, 1)\n",
        "    xj = s1_matrix[j, :].reshape(-1, 1)\n",
        "    if i != j:\n",
        "        for k in range(len_s1):\n",
        "            if k != j:\n",
        "                xk = s1_matrix[k, :].reshape(-1, 1)\n",
        "                summation += small_p(xk,xj, cov_mat[k])\n",
        "\n",
        "    # Avoid division by zero\n",
        "    if summation != 0:\n",
        "        P = small_p(xi,xj,cov_mat[i]) / summation\n",
        "\n",
        "        return  P\n",
        "\n",
        "    return 0"
      ]
    },
    {
      "cell_type": "markdown",
      "metadata": {
        "id": "Jm0RsMT6OI1m"
      },
      "source": [
        "# $ \\textbf{Equation 3:} \\\\\n",
        "\\Sigma_{x_{i}}=\\frac{\\sum_{x_{j} \\in S_{1}} P\\left(\\omega_{i} \\mid x_{j}\\right)\\left(x_{j}-x_{i}\\right)\\left(x_{j}-x_{i}\\right)^{T}}{\\sum_{x_{j} \\in S_{1}} P\\left(\\omega_{i} \\mid x_{j}\\right)}\n",
        "$"
      ]
    },
    {
      "cell_type": "code",
      "execution_count": null,
      "metadata": {
        "execution": {
          "iopub.execute_input": "2024-03-15T14:25:16.671719Z",
          "iopub.status.busy": "2024-03-15T14:25:16.671053Z",
          "iopub.status.idle": "2024-03-15T14:25:16.680958Z",
          "shell.execute_reply": "2024-03-15T14:25:16.679829Z",
          "shell.execute_reply.started": "2024-03-15T14:25:16.671684Z"
        },
        "id": "I2ksY54O_oGU"
      },
      "outputs": [],
      "source": [
        "def cov_xi(i,cov_mat):\n",
        "    denominator = 0\n",
        "    numerator = 0\n",
        "\n",
        "    xi = s1_matrix[i, :].reshape(-1, 1)\n",
        "    for j in range(len_s1):\n",
        "        xj = s1_matrix[j, :].reshape(-1, 1)\n",
        "\n",
        "        P = capital_p(i, j, cov_mat)\n",
        "\n",
        "        denominator += P\n",
        "        numerator += P * ((xj - xi) @ (xj - xi).T)\n",
        "\n",
        "    return numerator / denominator"
      ]
    },
    {
      "cell_type": "code",
      "execution_count": null,
      "metadata": {
        "id": "MPQaY-_y_oGV"
      },
      "outputs": [],
      "source": [
        "def L(cov_mat):\n",
        "    L_new=0\n",
        "    for j in range(len_s1):\n",
        "        xj = s1_matrix[j, :].reshape(-1, 1)\n",
        "        summation=0\n",
        "        for i in range(len_s1):\n",
        "            if i!=j:\n",
        "                xi = s1_matrix[i, :].reshape(-1, 1)\n",
        "                summation+=small_p(xi,xj,cov_mat[i])\n",
        "\n",
        "        summation=summation/(len_s1-1)\n",
        "        L_new+=np.log(summation)\n",
        "\n",
        "    return L_new[0][0]"
      ]
    },
    {
      "cell_type": "markdown",
      "metadata": {
        "id": "TyJzjL68OI1m"
      },
      "source": [
        "# $ \\textbf{Equation 2:}$\n",
        "$ \\ L=\\sum_{x_{j} \\in S_{1}} \\log \\left[\\sum_{x_{i} \\in S_{1} \\wedge i \\neq j} \\frac{1}{\\left|S_{1}\\right|-1} G\\left(\\Sigma_{x_{i}}, x_{j}-x_{i}\\right)\\right]\n",
        "$"
      ]
    },
    {
      "cell_type": "markdown",
      "metadata": {
        "id": "SeynXHR8OI1m"
      },
      "source": [
        "$\\Huge{\\text{Algorithm 1}}$"
      ]
    },
    {
      "cell_type": "code",
      "execution_count": null,
      "metadata": {
        "id": "-xJfXtha_oGW"
      },
      "outputs": [],
      "source": [
        "def Algorithm1(cov_mat):\n",
        "    t = 0\n",
        "    phi = 0.01\n",
        "    L_prev = -250\n",
        "\n",
        "    while t < 100:\n",
        "\n",
        "        temp = []\n",
        "\n",
        "        for i in range(len_s1):\n",
        "            temp.append(cov_xi(i,cov_mat))\n",
        "\n",
        "        cov_mat = temp.copy()\n",
        "\n",
        "        for i in range(len_s1):\n",
        "            if np.linalg.det(cov_mat[i]) <= 0:\n",
        "                alpha = 1e-2\n",
        "                cov_mat[i] = cov_mat[i] + alpha * np.identity(5)\n",
        "\n",
        "        L_new = L(cov_mat)\n",
        "\n",
        "        #print(((L_new-L_prev)/L_prev))\n",
        "        #print('L_prev=',L_prev)\n",
        "        #print('L_new=',L_new)\n",
        "        #print('t=',t)\n",
        "        #print('-'*50)\n",
        "\n",
        "        if abs((L_new-L_prev)/L_prev) < phi:\n",
        "            break\n",
        "\n",
        "        else:\n",
        "            L_prev=L_new\n",
        "            t+=1\n",
        "\n",
        "    return cov_mat"
      ]
    },
    {
      "cell_type": "code",
      "execution_count": null,
      "metadata": {
        "id": "D0tAhNMu_oGS"
      },
      "outputs": [],
      "source": [
        "#initial guess\n",
        "cov_mat_initial=[]\n",
        "for i in range(len_s1):\n",
        "    xi = s1_matrix[i, :].reshape(-1, 1)\n",
        "    mat=0\n",
        "    for j in range(len_s1):\n",
        "        xj = s1_matrix[j, :].reshape(-1, 1)\n",
        "        mat+=(xj-xi)@(xj-xi).T\n",
        "    cov_mat_initial.append(mat/(len_s1-1))"
      ]
    },
    {
      "cell_type": "code",
      "execution_count": null,
      "metadata": {
        "id": "KnhEzfCUOI1n"
      },
      "outputs": [],
      "source": [
        "cov_mat= Algorithm1(cov_mat_initial)"
      ]
    },
    {
      "cell_type": "code",
      "execution_count": null,
      "metadata": {
        "id": "3VUHsqS-_oGX",
        "outputId": "939ad6b0-5e12-437b-8dad-392e10cda0c3"
      },
      "outputs": [
        {
          "data": {
            "text/plain": [
              "[array([[ 1.06927506,  1.0133872 , -0.53900991, -0.00240916,  0.11927105],\n",
              "        [ 1.0133872 ,  1.07059102, -0.11241228, -0.2256428 , -0.01524373],\n",
              "        [-0.53900991, -0.11241228,  1.71258905, -0.80655165, -0.52404294],\n",
              "        [-0.00240916, -0.2256428 , -0.80655165,  0.45284399,  0.25980747],\n",
              "        [ 0.11927105, -0.01524373, -0.52404294,  0.25980747,  0.16267204]]),\n",
              " array([[  7.09834506,   2.79943942, -11.48010439,   1.90813553,\n",
              "           2.34210683],\n",
              "        [  2.79943942,   6.81750472,   8.96579847,  -1.49841701,\n",
              "          -1.33609846],\n",
              "        [-11.48010439,   8.96579847,  50.43343454,  -8.40200412,\n",
              "          -9.12471809],\n",
              "        [  1.90813553,  -1.49841701,  -8.40200412,   1.39974388,\n",
              "           1.51988055],\n",
              "        [  2.34210683,  -1.33609846,  -9.12471809,   1.51988055,\n",
              "           1.66656256]]),\n",
              " array([[ 3.10416274,  4.15498335,  1.61729206, -0.16178686,  0.21344044],\n",
              "        [ 4.15498335,  5.72328595,  3.49151615, -0.48416533,  0.07021712],\n",
              "        [ 1.61729206,  3.49151615, 15.53931518, -2.91969389, -2.14641674],\n",
              "        [-0.16178686, -0.48416533, -2.91969389,  0.56043946,  0.42457536],\n",
              "        [ 0.21344044,  0.07021712, -2.14641674,  0.42457536,  0.37021202]]),\n",
              " array([[11.54297315,  0.16005579, -2.23662099,  3.62532724,  3.30903857],\n",
              "        [ 0.16005579,  0.07332332, -0.02654447,  0.13998219,  0.02974323],\n",
              "        [-2.23662099, -0.02654447,  0.44748415, -0.70910271, -0.64497031],\n",
              "        [ 3.62532724,  0.13998219, -0.70910271,  1.32812462,  1.02404664],\n",
              "        [ 3.30903857,  0.02974323, -0.64497031,  1.02404664,  0.96494826]]),\n",
              " array([[  1.74178435,  -3.38545925,  -2.12366208,   1.38304934,\n",
              "           1.33655076],\n",
              "        [ -3.38545925, 103.54917029, 134.84589584, -59.39813133,\n",
              "         -40.18040629],\n",
              "        [ -2.12366208, 134.84589584, 181.76375812, -79.02583212,\n",
              "         -53.12855448],\n",
              "        [  1.38304934, -59.39813133, -79.02583212,  34.57017348,\n",
              "          23.29498189],\n",
              "        [  1.33655076, -40.18040629, -53.12855448,  23.29498189,\n",
              "          15.84379007]]),\n",
              " array([[ 0.89920235, -0.64413545, -0.40608907, -0.25724863, -0.108434  ],\n",
              "        [-0.64413545,  3.6493229 , -0.84666534, -0.36720035, -0.17401665],\n",
              "        [-0.40608907, -0.84666534,  0.96372275,  0.30514624,  0.12522422],\n",
              "        [-0.25724863, -0.36720035,  0.30514624,  0.18921893,  0.080488  ],\n",
              "        [-0.108434  , -0.17401665,  0.12522422,  0.080488  ,  0.0350262 ]]),\n",
              " array([[  3.87763839,   0.45991515,  -1.64113654,   0.01970109,\n",
              "           1.60131807],\n",
              "        [  0.45991515,  11.48189461, -10.58875586,  -0.40373857,\n",
              "           1.49326904],\n",
              "        [ -1.64113654, -10.58875586,  12.49086455,   0.15180908,\n",
              "          -2.40274306],\n",
              "        [  0.01970109,  -0.40373857,   0.15180908,   0.084783  ,\n",
              "           0.05530081],\n",
              "        [  1.60131807,   1.49326904,  -2.40274306,   0.05530081,\n",
              "           0.98018096]]),\n",
              " array([[ 1.49543852e+00,  1.91115781e-01, -9.43443257e-01,\n",
              "         -1.99827421e-01,  5.74636233e-02],\n",
              "        [ 1.91115781e-01,  5.01962381e+01, -5.34432723e+01,\n",
              "          1.08126350e+01,  7.94533476e+00],\n",
              "        [-9.43443257e-01, -5.34432723e+01,  5.77854984e+01,\n",
              "         -1.15057613e+01, -8.58696995e+00],\n",
              "        [-1.99827421e-01,  1.08126350e+01, -1.15057613e+01,\n",
              "          2.39576400e+00,  1.73343867e+00],\n",
              "        [ 5.74636233e-02,  7.94533476e+00, -8.58696995e+00,\n",
              "          1.73343867e+00,  1.28772281e+00]]),\n",
              " array([[ 0.5408515 ,  0.5339677 ,  1.26080077, -0.24182457, -0.09805792],\n",
              "        [ 0.5339677 ,  2.51881506,  0.26544147,  0.28380242,  0.74749274],\n",
              "        [ 1.26080077,  0.26544147,  3.98469983, -1.25428824, -1.25722358],\n",
              "        [-0.24182457,  0.28380242, -1.25428824,  0.61500277,  0.80013153],\n",
              "        [-0.09805792,  0.74749274, -1.25722358,  0.80013153,  1.15286575]]),\n",
              " array([[ 2.28061354,  2.17442204,  1.26683708,  1.51743856,  2.22537993],\n",
              "        [ 2.17442204,  7.79271771, -0.60705963, -0.86538685,  0.5420604 ],\n",
              "        [ 1.26683708, -0.60705963,  1.45938272,  1.60526457,  1.77460063],\n",
              "        [ 1.51743856, -0.86538685,  1.60526457,  1.95472791,  2.13072351],\n",
              "        [ 2.22537993,  0.5420604 ,  1.77460063,  2.13072351,  2.62069753]]),\n",
              " array([[ 295.84  ,  125.56  , -163.4   ,   29.584 ,   14.448 ],\n",
              "        [ 125.56  ,   53.29  ,  -69.35  ,   12.556 ,    6.132 ],\n",
              "        [-163.4   ,  -69.35  ,   90.25  ,  -16.34  ,   -7.98  ],\n",
              "        [  29.584 ,   12.556 ,  -16.34  ,    2.9584,    1.4448],\n",
              "        [  14.448 ,    6.132 ,   -7.98  ,    1.4448,    0.7056]]),\n",
              " array([[ 7.70206861e-02,  2.35042262e-01, -3.77996369e-01,\n",
              "          1.50441128e-03, -1.30337783e-04],\n",
              "        [ 2.35042262e-01,  8.14163708e-01, -1.81381451e+00,\n",
              "          2.03805604e-02, -6.60680597e-02],\n",
              "        [-3.77996369e-01, -1.81381451e+00,  6.35486766e+00,\n",
              "         -1.14986321e-01,  4.48170669e-01],\n",
              "        [ 1.50441128e-03,  2.03805604e-02, -1.14986321e-01,\n",
              "          2.60250223e-03, -1.07043743e-02],\n",
              "        [-1.30337783e-04, -6.60680597e-02,  4.48170669e-01,\n",
              "         -1.07043743e-02,  4.45100979e-02]]),\n",
              " array([[ 188.30344458,   81.71244622, -114.48192433,   21.73062758,\n",
              "           10.83835201],\n",
              "        [  81.71244622,   35.51553027,  -49.94533142,    9.50346689,\n",
              "            4.74487471],\n",
              "        [-114.48192433,  -49.94533142,   71.15675616,  -13.63895688,\n",
              "           -6.83132769],\n",
              "        [  21.73062758,    9.50346689,  -13.63895688,    2.63601831,\n",
              "            1.31771394],\n",
              "        [  10.83835201,    4.74487471,   -6.83132769,    1.31771394,\n",
              "            0.67173061]]),\n",
              " array([[ 1.57353189,  2.40683625, -2.83673846, -0.02608027,  0.65693614],\n",
              "        [ 2.40683625,  6.56981855,  0.50816317,  0.54461219,  1.65934092],\n",
              "        [-2.83673846,  0.50816317, 13.79665533,  1.10485363, -0.04573486],\n",
              "        [-0.02608027,  0.54461219,  1.10485363,  0.14343494,  0.14201222],\n",
              "        [ 0.65693614,  1.65934092, -0.04573486,  0.14201222,  0.44148339]]),\n",
              " array([[ 8.17492091,  0.96600311, -0.92434105,  0.68206237,  1.76466717],\n",
              "        [ 0.96600311,  3.22306696, -0.91988388, -0.01074377,  0.05850624],\n",
              "        [-0.92434105, -0.91988388,  0.31614065, -0.05327429, -0.16050733],\n",
              "        [ 0.68206237, -0.01074377, -0.05327429,  0.05959402,  0.15162871],\n",
              "        [ 1.76466717,  0.05850624, -0.16050733,  0.15162871,  0.38820212]]),\n",
              " array([[ 11.65882062, -12.94029494, -29.79229968,  13.71181484,\n",
              "          13.60020033],\n",
              "        [-12.94029494,  17.11431692,  40.91170639, -18.88312653,\n",
              "         -17.68863263],\n",
              "        [-29.79229968,  40.91170639,  98.58976878, -45.52463565,\n",
              "         -42.17344166],\n",
              "        [ 13.71181484, -18.88312653, -45.52463565,  21.03432708,\n",
              "          19.46091286],\n",
              "        [ 13.60020033, -17.68863263, -42.17344166,  19.46091286,\n",
              "          18.328439  ]]),\n",
              " array([[ 5.61928298,  3.63050053,  4.22980955, -2.24936567, -1.58070823],\n",
              "        [ 3.63050053,  2.56214861,  1.27386994, -1.04187776, -0.65510735],\n",
              "        [ 4.22980955,  1.27386994, 13.01243023, -4.46463775, -3.65657671],\n",
              "        [-2.24936567, -1.04187776, -4.46463775,  1.68191358,  1.32832216],\n",
              "        [-1.58070823, -0.65510735, -3.65657671,  1.32832216,  1.06374533]]),\n",
              " array([[ 13.44167485,  10.40030663, -10.52994828,   1.98062178,\n",
              "           3.75555873],\n",
              "        [ 10.40030663,   9.29821616, -10.98709652,   1.93276057,\n",
              "           3.44741246],\n",
              "        [-10.52994828, -10.98709652,  15.72733345,  -2.64029008,\n",
              "          -4.42389472],\n",
              "        [  1.98062178,   1.93276057,  -2.64029008,   0.4514174 ,\n",
              "           0.77117096],\n",
              "        [  3.75555873,   3.44741246,  -4.42389472,   0.77117096,\n",
              "           1.34860033]]),\n",
              " array([[ 1.13325198, -0.42321688, -2.39498751,  0.23353355,  0.46507608],\n",
              "        [-0.42321688,  0.41655094,  1.98984914,  0.14754223,  0.05836518],\n",
              "        [-2.39498751,  1.98984914, 11.57343794,  0.83317751,  0.24122086],\n",
              "        [ 0.23353355,  0.14754223,  0.83317751,  0.323281  ,  0.34703117],\n",
              "        [ 0.46507608,  0.05836518,  0.24122086,  0.34703117,  0.43341757]]),\n",
              " array([[  9.76502199,  -8.96893685, -39.99918199,   5.03172506,\n",
              "           4.65112935],\n",
              "        [ -8.96893685,   8.98175751,  38.95217051,  -4.98770686,\n",
              "          -4.57197058],\n",
